    1     1     1.9961     p 
    1     2     9.0305     P 
    1     3     6.4142     P 
    1     4     4.1308     P 
    1     5     6.7344     P 
    1     6     6.0806     P 
    1     7     9.1204     P 
    1     8     6.6468     P 
    1     9     9.4023     P 
    1    10     9.2399     P 
    1    11     4.3769     P 
    1    12     7.5821     P 
    1    13     8.9794     P 
    1    14     2.7599     P 
    1    15     2.1085     P 
    1    16     3.3430     P 
    1    17     2.7431     P 
    1    18     9.1301     P 
    1    19     4.1025     P 
    1    20     0.7192     p 
    1    21     7.0624     P 
    1    22     5.2762     P 
    1    23     7.7826     P 
    1    24     8.0995     P 
    1    25     6.6250     P 
    1    26     8.3452     P 
    1    27     9.2205     P 
    1    28    10.0402     P 
    1    29     5.2723     P 
    1    30     7.9992     P 
    1    31     6.0049     P 
    1    32    10.3346     P 
    1    33     5.0836     P 
    1    34     3.6561     P 
    1    35     8.8637     P 
    1    36     4.5186     P 
    1    37     5.9405     P 
    1    38     8.5941     P 
    1    39     7.9911     P 
    1    40     5.4427     P 
    1    41     7.6712     P 
    1    42    10.0734     P 
    1    43    11.1574     P 
    1    44     9.8851     P 
    1    45    10.9312     P 
    1    46     7.2849     P 
    1    47     9.4626     P 
    1    48    11.8839     P 
    1    49     7.4932     P 
    2     1     3.4706     p 
    2     2     6.9851     P 
    2     3     6.0136     P 
    2     4     2.2271     p 
    2     5     6.8737     P 
    2     6     4.3171     p 
    2     7     6.4335     P 
    2     8     5.5759     P 
    2     9     7.8164     P 
    2    10     6.8409     P 
    2    11     5.3408     P 
    2    12     7.1049     P 
    2    13     7.9047     P 
    2    14     2.4991     p 
    2    15     2.2559     p 
    2    16     4.9137     p 
    2    17     4.9122     p 
    2    18     8.7284     P 
    2    19     3.3353     p 
    2    20     3.3439     p 
    2    21     5.5302     P 
    2    22     4.4198     p 
    2    23     6.7097     P 
    2    24     5.9983     P 
    2    25     4.1185     p 
    2    26     6.6636     P 
    2    27     6.4472     P 
    2    28     7.7799     P 
    2    29     3.2969     p 
    2    30     7.8456     P 
    2    31     3.5616     p 
    2    32     7.8708     P 
    2    33     4.9496     P 
    2    34     4.1594     p 
    2    35     8.1904     P 
    2    36     2.3523     p 
    2    37     3.4195     p 
    2    38     6.0605     P 
    2    39     5.4310     P 
    2    40     6.0037     P 
    2    41     5.0221     P 
    2    42     8.2144     P 
    2    43     8.6869     P 
    2    44     7.3274     P 
    2    45     8.7834     P 
    2    46     4.9816     P 
    2    47     6.7746     P 
    2    48     9.5509     P 
    2    49     4.8826     p 
    3     1     4.4807     P 
    3     2     5.9130     P 
    3     3     5.1370     P 
    3     4     4.2914     P 
    3     5     6.4902     P 
    3     6     1.8525     P 
    3     7     7.7676     P 
    3     8     3.9510     P 
    3     9     6.5117     P 
    3    10     6.0066     P 
    3    11     5.8351     P 
    3    12     6.1225     P 
    3    13     6.6367     P 
    3    14     2.7465     P 
    3    15     4.4161     P 
    3    16     6.1510     P 
    3    17     6.7145     P 
    3    18     8.2890     P 
    3    19     1.6405     P 
    3    20     5.4524     P 
    3    21     3.6579     P 
    3    22     2.3325     P 
    3    23     5.3059     P 
    3    24     4.6623     P 
    3    25     3.3988     P 
    3    26     5.1507     P 
    3    27     7.3011     P 
    3    28     6.8362     P 
    3    29     0.9288     P 
    3    30     7.1921     P 
    3    31     4.1223     P 
    3    32     7.5759     P 
    3    33     4.3936     P 
    3    34     4.0611     P 
    3    35     7.2886     P 
    3    36     2.5045     P 
    3    37     5.2211     P 
    3    38     5.6136     P 
    3    39     5.5362     P 
    3    40     6.0426     P 
    3    41     5.7667     P 
    3    42     6.9584     P 
    3    43     8.1851     P 
    3    44     7.1869     P 
    3    45     7.7503     P 
    3    46     3.6935     P 
    3    47     7.0756     P 
    3    48     8.9553     P 
    3    49     6.3027     P 
    4     1     3.3710     p 
    4     2     5.5558     P 
    4     3     3.0966     p 
    4     4     4.6835     P 
    4     5     4.3133     P 
    4     6     2.6193     p 
    4     7     8.2195     P 
    4     8     2.7378     p 
    4     9     5.5874     P 
    4    10     6.1786     P 
    4    11     4.0215     P 
    4    12     4.2222     P 
    4    13     5.2224     P 
    4    14     2.9868     p 
    4    15     4.1943     P 
    4    16     4.5076     P 
    4    17     5.2515     P 
    4    18     6.0417     P 
    4    19     1.9075     p 
    4    20     4.4992     P 
    4    21     3.4112     p 
    4    22     1.6196     p 
    4    23     3.8955     P 
    4    24     4.7083     P 
    4    25     4.3336     P 
    4    26     4.5390     P 
    4    27     7.7226     P 
    4    28     6.7771     P 
    4    29     2.7583     p 
    4    30     5.1272     P 
    4    31     4.8763     P 
    4    32     7.7701     P 
    4    33     2.4533     p 
    4    34     2.4942     p 
    4    35     5.4474     P 
    4    36     3.6590     p 
    4    37     5.6296     P 
    4    38     5.9222     P 
    4    39     6.0601     P 
    4    40     3.9299     P 
    4    41     6.2770     P 
    4    42     6.4073     P 
    4    43     8.0854     P 
    4    44     7.4349     P 
    4    45     7.5130     P 
    4    46     4.3415     P 
    4    47     7.4628     P 
    4    48     8.7063     P 
    4    49     6.9271     P 
    5     1     4.4577     P 
    5     2     5.3198     P 
    5     3     5.4211     P 
    5     4     2.9608     P 
    5     5     6.8156     P 
    5     6     2.3798     p 
    5     7     6.1971     P 
    5     8     4.3421     P 
    5     9     6.4457     P 
    5    10     5.2285     P 
    5    11     5.9984     P 
    5    12     6.4388     P 
    5    13     6.7121     P 
    5    14     2.8463     P 
    5    15     3.6352     P 
    5    16     6.0346     P 
    5    17     6.3166     P 
    5    18     8.3325     P 
    5    19     2.5925     p 
    5    20     4.9394     P 
    5    21     3.7620     P 
    5    22     3.2971     P 
    5    23     5.5635     P 
    5    24     4.2056     P 
    5    25     2.4090     p 
    5    26     5.1871     P 
    5    27     5.7496     P 
    5    28     6.0478     P 
    5    29     1.2923     p 
    5    30     7.4582     P 
    5    31     2.5170     p 
    5    32     6.5611     P 
    5    33     4.7119     P 
    5    34     4.2159     P 
    5    35     7.4113     P 
    5    36     1.6445     p 
    5    37     3.5677     P 
    5    38     4.4657     P 
    5    39     4.0686     P 
    5    40     6.2428     P 
    5    41     4.0500     P 
    5    42     6.6979     P 
    5    43     7.2569     P 
    5    44     5.9729     P 
    5    45     7.2894     P 
    5    46     3.0842     P 
    5    47     5.5898     P 
    5    48     8.1017     P 
    5    49     4.7769     P 
    6     1     7.3747     P 
    6     2     1.5040     p 
    6     3     5.3704     P 
    6     4     7.1579     P 
    6     5     6.9870     P 
    6     6     3.2896     P 
    6     7     8.0803     P 
    6     8     3.7139     P 
    6     9     2.8688     P 
    6    10     3.2630     P 
    6    11     7.7631     P 
    6    12     5.2260     P 
    6    13     4.0298     P 
    6    14     6.3824     P 
    6    15     7.5612     P 
    6    16     8.4855     P 
    6    17     9.2863     P 
    6    18     7.1502     P 
    6    19     5.3610     P 
    6    20     8.2482     P 
    6    21     2.1727     p 
    6    22     4.3500     P 
    6    23     3.6243     P 
    6    24     1.8122     p 
    6    25     4.4719     P 
    6    26     1.8544     p 
    6    27     7.0727     P 
    6    28     3.1594     P 
    6    29     4.5339     P 
    6    30     6.8534     P 
    6    31     5.6924     P 
    6    32     4.8688     P 
    6    33     5.8137     P 
    6    34     6.5842     P 
    6    35     5.4930     P 
    6    36     5.8375     P 
    6    37     7.0425     P 
    6    38     4.0664     P 
    6    39     5.0903     P 
    6    40     7.2658     P 
    6    41     6.2576     P 
    6    42     2.5099     p 
    6    43     4.8254     P 
    6    44     5.3118     P 
    6    45     3.6840     P 
    6    46     3.2086     P 
    6    47     6.1533     P 
    6    48     5.1603     P 
    6    49     7.3973     P 
    7     1     9.0779     P 
    7     2     1.7000     p 
    7     3     7.4902     P 
    7     4     8.2935     P 
    7     5     9.0230     P 
    7     6     4.9316     P 
    7     7     8.2115     P 
    7     8     5.9132     P 
    7     9     4.3701     P 
    7    10     1.9407     P 
    7    11     9.7056     P 
    7    12     7.3815     P 
    7    13     5.9808     P 
    7    14     7.9944     P 
    7    15     8.9822     P 
    7    16    10.3921     P 
    7    17    11.0365     P 
    7    18     9.0278     P 
    7    19     7.0529     P 
    7    20     9.9239     P 
    7    21     4.2265     P 
    7    22     6.2804     P 
    7    23     5.7668     P 
    7    24     2.2369     P 
    7    25     5.2851     P 
    7    26     3.9557     P 
    7    27     6.8100     P 
    7    28     1.0670     p 
    7    29     5.9224     P 
    7    30     8.8860     P 
    7    31     6.4655     P 
    7    32     3.7587     P 
    7    33     7.9407     P 
    7    34     8.4696     P 
    7    35     7.5416     P 
    7    36     7.1797     P 
    7    37     7.8845     P 
    7    38     3.7009     P 
    7    39     5.1962     P 
    7    40     9.2948     P 
    7    41     6.4611     P 
    7    42     2.6861     P 
    7    43     3.3834     P 
    7    44     4.6890     P 
    7    45     2.4546     P 
    7    46     3.8724     P 
    7    47     5.8430     P 
    7    48     4.0434     P 
    7    49     7.7855     P 
    8     1     5.1517     P 
    8     2     4.9480     P 
    8     3     5.5783     P 
    8     4     3.9435     P 
    8     5     6.9675     P 
    8     6     1.7071     p 
    8     7     6.4177     P 
    8     8     4.1508     P 
    8     9     6.1284     P 
    8    10     4.7374     P 
    8    11     6.4528     P 
    8    12     6.3191     P 
    8    13     6.4148     P 
    8    14     3.6713     P 
    8    15     4.7488     P 
    8    16     6.6755     P 
    8    17     7.2388     P 
    8    18     8.3639     P 
    8    19     2.9341     P 
    8    20     5.7977     P 
    8    21     3.2894     P 
    8    22     3.2348     P 
    8    23     5.3361     P 
    8    24     3.5197     P 
    8    25     1.9208     p 
    8    26     4.7639     P 
    8    27     5.8468     P 
    8    28     5.7525     P 
    8    29     1.0171     p 
    8    30     7.6471     P 
    8    31     2.8163     P 
    8    32     6.1243     P 
    8    33     5.0144     P 
    8    34     4.9460     P 
    8    35     7.2402     P 
    8    36     2.3698     P 
    8    37     4.2235     P 
    8    38     4.0852     P 
    8    39     3.8283     P 
    8    40     6.5461     P 
    8    41     4.3337     P 
    8    42     6.0989     P 
    8    43     6.8308     P 
    8    44     5.7255     P 
    8    45     6.7426     P 
    8    46     2.3001     P 
    8    47     5.6008     P 
    8    48     7.7181     P 
    8    49     5.1080     P 
    9     1     6.8022     P 
    9     2     5.4731     P 
    9     3     7.5227     P 
    9     4     4.2609     p 
    9     5     8.7957     P 
    9     6     4.1997     p 
    9     7     3.6243     p 
    9     8     6.1708     P 
    9     9     7.1218     P 
    9    10     4.0881     p 
    9    11     8.3183     P 
    9    12     8.1647     P 
    9    13     7.9155     P 
    9    14     5.2707     P 
    9    15     5.6344     P 
    9    16     8.2836     P 
    9    17     8.4148     P 
    9    18     9.9768     P 
    9    19     5.2369     P 
    9    20     7.0840     P 
    9    21     5.0515     P 
    9    22     5.6140     P 
    9    23     6.9817     P 
    9    24     4.2345     p 
    9    25     2.3982     p 
    9    26     6.0481     P 
    9    27     3.0652     p 
    9    28     5.3262     P 
    9    29     3.8357     p 
    9    30     9.3200     P 
    9    31     2.3513     p 
    9    32     4.7757     P 
    9    33     7.0696     P 
    9    34     6.9145     P 
    9    35     8.9085     P 
    9    36     3.7298     p 
    9    37     3.1045     p 
    9    38     2.9212     p 
    9    39     1.9786     p 
    9    40     8.5317     P 
    9    41     2.0333     p 
    9    42     6.6116     P 
    9    43     5.7414     P 
    9    44     3.6240     p 
    9    45     6.5729     P 
    9    46     3.1715     p 
    9    47     3.1300     p 
    9    48     6.8045     P 
    9    49     2.8863     p 
   10     1     6.5028     P 
   10     2     6.1343     P 
   10     3     7.6789     P 
   10     4     3.5141     P 
   10     5     9.0802     P 
   10     6     4.5000     P 
   10     7     3.5843     P 
   10     8     6.5562     P 
   10     9     7.8936     P 
   10    10     4.9873     P 
   10    11     8.2934     P 
   10    12     8.4652     P 
   10    13     8.4594     P 
   10    14     4.9120     P 
   10    15     5.1899     P 
   10    16     8.1899     P 
   10    17     8.1230     P 
   10    18    10.4034     P 
   10    19     5.2456     P 
   10    20     6.7950     P 
   10    21     5.5465     P 
   10    22     5.7664     P 
   10    23     7.5399     P 
   10    24     4.8884     P 
   10    25     2.4079     p 
   10    26     6.7817     P 
   10    27     3.3526     P 
   10    28     6.2510     P 
   10    29     3.6988     P 
   10    30     9.6248     P 
   10    31     1.5683     p 
   10    32     5.5882     P 
   10    33     7.2212     P 
   10    34     6.7290     P 
   10    35     9.3608     P 
   10    36     3.3088     P 
   10    37     2.3122     p 
   10    38     3.6920     P 
   10    39     2.4596     p 
   10    40     8.5156     P 
   10    41     1.6470     p 
   10    42     7.4791     P 
   10    43     6.6678     P 
   10    44     4.4915     P 
   10    45     7.4514     P 
   10    46     3.6355     P 
   10    47     3.6899     P 
   10    48     7.7696     P 
   10    49     2.2570     p 
   11     1     7.2774     P 
   11     2     4.8078     P 
   11     3     7.4963     P 
   11     4     5.0132     P 
   11     5     8.9086     P 
   11     6     3.8854     P 
   11     7     4.5408     P 
   11     8     5.8971     P 
   11     9     6.6348     P 
   11    10     3.1843     P 
   11    11     8.6125     P 
   11    12     7.9822     P 
   11    13     7.5466     P 
   11    14     5.7298     P 
   11    15     6.2510     P 
   11    16     8.8301     P 
   11    17     9.1048     P 
   11    18     9.9657     P 
   11    19     5.4400     P 
   11    20     7.6170     P 
   11    21     4.6035     P 
   11    22     5.4308     P 
   11    23     6.7186     P 
   11    24     3.4930     P 
   11    25     1.8901     p 
   11    26     5.5456     P 
   11    27     3.6099     P 
   11    28     4.5787     P 
   11    29     3.6898     P 
   11    30     9.3299     P 
   11    31     2.7913     P 
   11    32     4.0796     P 
   11    33     7.1694     P 
   11    34     7.1067     P 
   11    35     8.7276     P 
   11    36     4.1700     P 
   11    37     4.0622     P 
   11    38     1.8373     p 
   11    39     1.2084     p 
   11    40     8.6232     P 
   11    41     2.4473     P 
   11    42     6.1604     P 
   11    43     5.2253     P 
   11    44     3.2764     P 
   11    45     5.9401     P 
   11    46     2.2447     p 
   11    47     3.0836     P 
   11    48     6.2959     P 
   11    49     3.9380     P 
   12     1     3.9193     p 
   12     2     5.1890     P 
   12     3     4.6204     P 
   12     4     3.4707     p 
   12     5     5.9575     P 
   12     6     2.1986     p 
   12     7     6.7051     P 
   12     8     3.5965     p 
   12     9     5.9704     P 
   12    10     5.3938     P 
   12    11     5.2671     P 
   12    12     5.6393     P 
   12    13     6.0571     P 
   12    14     2.5694     p 
   12    15     3.6819     p 
   12    16     5.3788     P 
   12    17     5.9009     P 
   12    18     7.5161     P 
   12    19     2.0626     p 
   12    20     4.6469     P 
   12    21     3.4617     p 
   12    22     2.6333     p 
   12    23     4.8929     P 
   12    24     4.1639     P 
   12    25     2.9799     p 
   12    26     4.7317     P 
   12    27     6.2716     P 
   12    28     6.1474     P 
   12    29     1.6863     p 
   12    30     6.6137     P 
   12    31     3.3032     p 
   12    32     6.7266     P 
   12    33     3.9356     p 
   12    34     3.6019     p 
   12    35     6.6492     P 
   12    36     2.3446     p 
   12    37     4.1554     P 
   12    38     4.8134     P 
   12    39     4.6782     P 
   12    40     5.3104     P 
   12    41     4.7587     P 
   12    42     6.4056     P 
   12    43     7.3443     P 
   12    44     6.3262     P 
   12    45     7.0865     P 
   12    46     3.2653     p 
   12    47     6.1607     P 
   12    48     8.1092     P 
   12    49     5.2500     P 
   13     1     4.0804     p 
   13     2     6.6744     P 
   13     3     2.3160     p 
   13     4     6.6587     P 
   13     5     2.4031     p 
   13     6     4.7026     p 
   13     7    10.0718     P 
   13     8     3.3887     p 
   13     9     5.7831     P 
   13    10     7.6845     P 
   13    11     3.2327     p 
   13    12     3.1251     p 
   13    13     4.7640     p 
   13    14     4.8104     p 
   13    15     5.8004     P 
   13    16     4.1770     p 
   13    17     5.4794     P 
   13    18     4.2814     p 
   13    19     3.8264     p 
   13    20     5.3101     P 
   13    21     4.7293     p 
   13    22     3.4250     p 
   13    23     3.8330     p 
   13    24     6.2631     P 
   13    25     6.4455     P 
   13    26     5.1853     P 
   13    27     9.5314     P 
   13    28     7.8356     P 
   13    29     5.0643     P 
   13    30     3.2099     p 
   13    31     7.0312     P 
   13    32     9.1635     P 
   13    33     2.2531     p 
   13    34     3.0300     p 
   13    35     4.2136     p 
   13    36     5.6950     P 
   13    37     7.5946     P 
   13    38     7.7013     P 
   13    39     7.9922     P 
   13    40     2.4987     p 
   13    41     8.2450     P 
   13    42     6.9875     P 
   13    43     9.3536     P 
   13    44     9.1840     P 
   13    45     8.3363     P 
   13    46     6.2433     P 
   13    47     9.2601     P 
   13    48     9.6481     P 
   13    49     8.8626     P 
   14     1     4.2040     P 
   14     2     5.3722     P 
   14     3     3.1293     P 
   14     4     5.3569     P 
   14     5     4.8215     P 
   14     6     2.3088     P 
   14     7     8.7488     P 
   14     8     2.0952     P 
   14     9     5.5413     P 
   14    10     6.2398     P 
   14    11     4.7551     P 
   14    12     4.3154     P 
   14    13     5.1898     P 
   14    14     3.6090     P 
   14    15     5.0612     P 
   14    16     5.3810     P 
   14    17     6.2400     P 
   14    18     6.4033     P 
   14    19     1.9107     p 
   14    20     5.4243     P 
   14    21     2.9854     P 
   14    22     0.5802     p 
   14    23     3.6709     P 
   14    24     4.7088     P 
   14    25     4.6500     P 
   14    26     4.3035     P 
   14    27     8.2506     P 
   14    28     6.7897     P 
   14    29     2.9237     P 
   14    30     5.5199     P 
   14    31     5.2904     P 
   14    32     7.9649     P 
   14    33     2.4564     P 
   14    34     3.0369     P 
   14    35     5.4417     P 
   14    36     4.1824     P 
   14    37     6.2221     P 
   14    38     6.1763     P 
   14    39     6.2634     P 
   14    40     4.5290     P 
   14    41     6.7320     P 
   14    42     6.3142     P 
   14    43     8.2715     P 
   14    44     7.6973     P 
   14    45     7.5048     P 
   14    46     4.3183     P 
   14    47     7.8936     P 
   14    48     8.8282     P 
   14    49     7.4342     P 
   15     1     5.2287     P 
   15     2     6.1780     P 
   15     3     6.4980     P 
   15     4     2.7371     P 
   15     5     7.7024     P 
   15     6     3.1917     P 
   15     7     5.6904     P 
   15     8     5.3965     P 
   15     9     7.3883     P 
   15    10     5.5388     P 
   15    11     6.8418     P 
   15    12     7.3818     P 
   15    13     7.7779     P 
   15    14     3.3427     P 
   15    15     3.9217     P 
   15    16     6.7836     P 
   15    17     7.0502     P 
   15    18     9.2900     P 
   15    19     3.5185     P 
   15    20     5.4878     P 
   15    21     4.6640     P 
   15    22     4.3556     P 
   15    23     6.4427     P 
   15    24     4.7659     P 
   15    25     2.0125     p 
   15    26     6.0589     P 
   15    27     5.3589     P 
   15    28     6.6194     P 
   15    29     1.8205     p 
   15    30     8.4844     P 
   15    31     1.6368     p 
   15    32     6.7448     P 
   15    33     5.7396     P 
   15    34     5.2339     P 
   15    35     8.3746     P 
   15    36     1.3724     p 
   15    37     2.8643     P 
   15    38     4.5199     P 
   15    39     3.8569     P 
   15    40     7.1659     P 
   15    41     3.6232     P 
   15    42     7.3792     P 
   15    43     7.5798     P 
   15    44     5.9900     P 
   15    45     7.7588     P 
   15    46     3.4706     P 
   15    47     5.5024     P 
   15    48     8.5201     P 
   15    49     4.2020     P 
   16     1     6.3689     P 
   16     2     5.3252     P 
   16     3     2.8519     p 
   16     4     8.0941     P 
   16     5     3.6520     p 
   16     6     4.9077     P 
   16     7    10.5651     P 
   16     8     3.0459     p 
   16     9     3.7064     p 
   16    10     7.0403     P 
   16    11     5.6625     P 
   16    12     1.8926     p 
   16    13     2.2714     p 
   16    14     6.5105     P 
   16    15     7.7412     P 
   16    16     6.8348     P 
   16    17     7.8446     P 
   16    18     3.1180     p 
   16    19     5.3357     P 
   16    20     7.6633     P 
   16    21     4.1902     p 
   16    22     4.1417     p 
   16    23     2.1604     p 
   16    24     5.5609     P 
   16    25     6.9630     P 
   16    26     3.6464     p 
   16    27     9.8994     P 
   16    28     6.8455     P 
   16    29     5.9754     P 
   16    30     3.0844     p 
   16    31     7.8315     P 
   16    32     8.4847     P 
   16    33     3.9527     p 
   16    34     5.2131     P 
   16    35     2.0062     p 
   16    36     7.1123     P 
   16    37     8.7421     P 
   16    38     7.4356     P 
   16    39     8.0676     P 
   16    40     4.6542     P 
   16    41     8.7922     P 
   16    42     5.2297     P 
   16    43     8.2032     P 
   16    44     8.7626     P 
   16    45     6.8137     P 
   16    46     6.0135     P 
   16    47     9.2338     P 
   16    48     8.1880     P 
   16    49     9.6741     P 
   17     1     3.8026     P 
   17     2     5.9455     P 
   17     3     5.3009     P 
   17     4     2.6771     p 
   17     5     6.4323     P 
   17     6     2.8956     p 
   17     7     6.3546     P 
   17     8     4.5106     P 
   17     9     6.6103     P 
   17    10     5.7155     P 
   17    11     5.3072     P 
   17    12     6.3132     P 
   17    13     6.8723     P 
   17    14     2.1873     p 
   17    15     3.1003     p 
   17    16     5.3985     P 
   17    17     5.6586     P 
   17    18     8.2003     P 
   17    19     2.3493     p 
   17    20     4.2775     P 
   17    21     4.1172     P 
   17    22     3.2293     p 
   17    23     5.7001     P 
   17    24     4.7287     P 
   17    25     2.9566     p 
   17    26     5.4324     P 
   17    27     6.0884     P 
   17    28     6.7405     P 
   17    29     1.7214     p 
   17    30     7.2108     P 
   17    31     2.8386     p 
   17    32     6.8553     P 
   17    33     4.3618     P 
   17    34     3.8204     P 
   17    35     7.3844     P 
   17    36     1.6794     p 
   17    37     3.5395     p 
   17    38     5.0016     P 
   17    39     4.5646     P 
   17    40     5.9005     P 
   17    41     4.4532     P 
   17    42     6.9100     P 
   17    43     7.6854     P 
   17    44     6.3835     P 
   17    45     7.6379     P 
   17    46     3.6048     p 
   17    47     6.1807     P 
   17    48     8.5259     P 
   17    49     4.8149     P 
   18     1     5.0431     P 
   18     2     6.3048     P 
   18     3     1.0526     p 
   18     4     7.5288     P 
   18     5     1.9570     p 
   18     6     4.8796     P 
   18     7    10.7574     P 
   18     8     2.8139     P 
   18     9     5.4126     P 
   18    10     7.8082     P 
   18    11     3.9869     P 
   18    12     1.8466     p 
   18    13     4.0518     P 
   18    14     5.6279     P 
   18    15     6.7658     P 
   18    16     5.3383     P 
   18    17     6.5898     P 
   18    18     3.6440     P 
   18    19     4.3812     P 
   18    20     6.3778     P 
   18    21     4.6406     P 
   18    22     3.4142     P 
   18    23     3.0844     P 
   18    24     6.3184     P 
   18    25     6.9183     P 
   18    26     4.7805     P 
   18    27    10.1938     P 
   18    28     7.8825     P 
   18    29     5.5458     P 
   18    30     2.3541     P 
   18    31     7.6054     P 
   18    32     9.3806     P 
   18    33     2.3330     p 
   18    34     3.8230     P 
   18    35     3.2619     P 
   18    36     6.5064     P 
   18    37     8.4770     P 
   18    38     7.9584     P 
   18    39     8.3526     P 
   18    40     2.8341     P 
   18    41     8.9168     P 
   18    42     6.7414     P 
   18    43     9.3823     P 
   18    44     9.4504     P 
   18    45     8.1470     P 
   18    46     6.3973     P 
   18    47     9.7438     P 
   18    48     9.6859     P 
   18    49     9.5306     P 
   19     1     6.7535     P 
   19     2     6.5446     P 
   19     3     8.0433     P 
   19     4     3.6985     p 
   19     5     9.2699     P 
   19     6     4.8387     P 
   19     7     3.1288     p 
   19     8     7.0009     P 
   19     9     8.1932     P 
   19    10     5.2346     P 
   19    11     8.4633     P 
   19    12     8.8261     P 
   19    13     8.7449     P 
   19    14     5.1996     P 
   19    15     5.2800     P 
   19    16     8.3122     P 
   19    17     8.3654     P 
   19    18    10.5669     P 
   19    19     5.5016     P 
   19    20     6.7522     P 
   19    21     5.8358     P 
   19    22     6.1492     P 
   19    23     7.8305     P 
   19    24     5.3558     P 
   19    25     2.9004     p 
   19    26     7.0520     P 
   19    27     3.1021     p 
   19    28     6.3919     P 
   19    29     3.9988     P 
   19    30     9.8887     P 
   19    31     2.0889     p 
   19    32     5.6704     P 
   19    33     7.4593     P 
   19    34     7.0964     P 
   19    35     9.6996     P 
   19    36     3.6853     p 
   19    37     2.3224     p 
   19    38     4.0049     P 
   19    39     2.7899     p 
   19    40     8.8238     P 
   19    41     1.8515     p 
   19    42     7.6826     P 
   19    43     6.8691     P 
   19    44     4.5197     P 
   19    45     7.7004     P 
   19    46     4.0934     P 
   19    47     3.6047     p 
   19    48     7.9169     P 
   19    49     1.9775     p 
   20     1     8.7669     P 
   20     2     5.8863     P 
   20     3     9.0522     P 
   20     4     6.1327     P 
   20     5    10.4022     P 
   20     6     5.7554     P 
   20     7     3.1551     p 
   20     8     7.6333     P 
   20     9     7.8220     P 
   20    10     4.0275     p 
   20    11    10.0776     P 
   20    12     9.4869     P 
   20    13     8.9410     P 
   20    14     7.2329     P 
   20    15     7.6259     P 
   20    16    10.1722     P 
   20    17    10.2771     P 
   20    18    11.2581     P 
   20    19     7.2122     P 
   20    20     9.0444     P 
   20    21     6.2470     P 
   20    22     7.3619     P 
   20    23     8.2689     P 
   20    24     5.0656     P 
   20    25     4.1761     p 
   20    26     6.9773     P 
   20    27     2.1115     p 
   20    28     5.0433     P 
   20    29     5.7800     P 
   20    30    10.8131     P 
   20    31     4.2683     P 
   20    32     3.5912     p 
   20    33     8.7554     P 
   20    34     8.6620     P 
   20    35    10.0710     P 
   20    36     5.7753     P 
   20    37     4.8906     P 
   20    38     2.9087     p 
   20    39     2.4893     p 
   20    40    10.1958     P 
   20    41     2.9054     p 
   20    42     6.8832     P 
   20    43     4.7688     P 
   20    44     2.3741     p 
   20    45     6.2891     P 
   20    46     4.2677     P 
   20    47     1.6521     p 
   20    48     6.1313     P 
   20    49     3.8022     p 
   21     1     7.0339     P 
   21     2     2.7415     P 
   21     3     6.0059     P 
   21     4     5.9738     P 
   21     5     7.6517     P 
   21     6     2.5741     P 
   21     7     6.6786     P 
   21     8     4.3569     P 
   21     9     4.6997     P 
   21    10     2.5681     P 
   21    11     7.9704     P 
   21    12     6.2885     P 
   21    13     5.6571     P 
   21    14     5.7429     P 
   21    15     6.8037     P 
   21    16     8.3674     P 
   21    17     9.0376     P 
   21    18     8.2960     P 
   21    19     4.9138     P 
   21    20     7.7310     P 
   21    21     2.5989     P 
   21    22     4.3295     P 
   21    23     4.9241     P 
   21    24     1.0357     p 
   21    25     2.8869     P 
   21    26     3.3909     P 
   21    27     5.6577     P 
   21    28     3.5344     P 
   21    29     3.5597     P 
   21    30     7.8745     P 
   21    31     4.3081     P 
   21    32     4.4761     P 
   21    33     6.0981     P 
   21    34     6.3938     P 
   21    35     6.9378     P 
   21    36     4.8742     P 
   21    37     5.7553     P 
   21    38     2.5624     P 
   21    39     3.6333     P 
   21    40     7.5937     P 
   21    41     4.9120     P 
   21    42     4.2888     P 
   21    43     4.9376     P 
   21    44     4.4953     P 
   21    45     4.7151     P 
   21    46     1.2826     p 
   21    47     4.9122     P 
   21    48     5.7309     P 
   21    49     5.9513     P 
   22     1     5.8793     P 
   22     2     4.5310     p 
   22     3     2.6644     p 
   22     4     7.3238     P 
   22     5     3.8709     p 
   22     6     3.8969     p 
   22     7     9.7135     P 
   22     8     2.3121     p 
   22     9     3.4953     p 
   22    10     6.1645     P 
   22    11     5.4222     P 
   22    12     2.2169     p 
   22    13     2.5645     p 
   22    14     5.7748     P 
   22    15     7.0175     P 
   22    16     6.3827     P 
   22    17     7.5600     P 
   22    18     4.0367     p 
   22    19     4.6335     p 
   22    20     7.0927     P 
   22    21     3.3660     p 
   22    22     3.4437     p 
   22    23     1.8768     p 
   22    24     4.6936     P 
   22    25     5.9803     P 
   22    26     3.0336     p 
   22    27     8.9224     P 
   22    28     6.1398     P 
   22    29     5.0885     P 
   22    30     3.6252     p 
   22    31     6.8997     P 
   22    32     7.6460     P 
   22    33     3.5177     p 
   22    34     4.6861     P 
   22    35     2.7853     p 
   22    36     6.1644     P 
   22    37     7.9375     P 
   22    38     6.6096     P 
   22    39     7.1117     P 
   22    40     4.5288     p 
   22    41     7.8971     P 
   22    42     4.8458     P 
   22    43     7.6300     P 
   22    44     7.9800     P 
   22    45     6.2981     P 
   22    46     5.2438     P 
   22    47     8.5395     P 
   22    48     7.7683     P 
   22    49     8.7235     P 
   23     1     2.1583     p 
   23     2     9.2378     P 
   23     3     5.9941     P 
   23     4     5.0384     P 
   23     5     6.0699     P 
   23     6     6.2970     P 
   23     7     9.5612     P 
   23     8     6.4978     P 
   23     9     9.2950     P 
   23    10     9.6161     P 
   23    11     3.4821     P 
   23    12     7.1647     P 
   23    13     8.8016     P 
   23    14     3.6365     P 
   23    15     3.3375     P 
   23    16     2.2188     p 
   23    17     1.6844     p 
   23    18     8.4453     P 
   23    19     4.3037     P 
   23    20     1.6758     p 
   23    21     7.2274     P 
   23    22     5.3975     P 
   23    23     7.6276     P 
   23    24     8.4097     P 
   23    25     7.0555     P 
   23    26     8.3860     P 
   23    27     9.7002     P 
   23    28    10.3454     P 
   23    29     5.5943     P 
   23    30     7.2497     P 
   23    31     6.7621     P 
   23    32    10.8271     P 
   23    33     4.7593     P 
   23    34     3.5221     P 
   23    35     8.4316     P 
   23    36     5.0990     P 
   23    37     6.6306     P 
   23    38     9.0317     P 
   23    39     8.5267     P 
   23    40     4.7957     P 
   23    41     8.1806     P 
   23    42    10.0846     P 
   23    43    11.3176     P 
   23    44    10.2110     P 
   23    45    11.0006     P 
   23    46     7.6692     P 
   23    47     9.9319     P 
   23    48    11.9682     P 
   23    49     8.0439     P 
   24     1     2.5044     p 
   24     2     7.0082     P 
   24     3     3.4854     p 
   24     4     5.1889     P 
   24     5     3.8042     p 
   24     6     4.4836     p 
   24     7     9.1600     P 
   24     8     3.9946     p 
   24     9     6.9366     P 
   24    10     7.7402     P 
   24    11     2.5788     p 
   24    12     4.6386     p 
   24    13     6.1054     P 
   24    14     3.2631     p 
   24    15     4.0974     p 
   24    16     2.8918     p 
   24    17     3.8554     p 
   24    18     6.0060     P 
   24    19     2.8351     p 
   24    20     3.4920     p 
   24    21     5.0498     P 
   24    22     3.1145     p 
   24    23     5.0129     P 
   24    24     6.4055     P 
   24    25     5.7376     P 
   24    26     6.0227     P 
   24    27     8.9065     P 
   24    28     8.1833     P 
   24    29     4.2638     p 
   24    30     4.9160     P 
   24    31     5.9807     P 
   24    32     9.1344     P 
   24    33     2.4014     p 
   24    34     1.8116     p 
   24    35     5.8562     P 
   24    36     4.6861     p 
   24    37     6.4369     P 
   24    38     7.4731     P 
   24    39     7.3918     P 
   24    40     2.8550     p 
   24    41     7.3885     P 
   24    42     7.7749     P 
   24    43     9.4383     P 
   24    44     8.7691     P 
   24    45     8.7777     P 
   24    46     6.0087     P 
   24    47     8.7258     P 
   24    48    10.0008     P 
   24    49     7.8765     P 
   25     1     8.1666     P 
   25     2     2.2421     p 
   25     3     5.4764     P 
   25     4     8.3282     P 
   25     5     6.9350     P 
   25     6     4.5253     P 
   25     7     9.3711     P 
   25     8     4.1271     P 
   25     9     1.3654     p 
   25    10     4.3551     P 
   25    11     8.2935     P 
   25    12     5.0278     P 
   25    13     3.2220     P 
   25    14     7.4922     P 
   25    15     8.6952     P 
   25    16     9.0471     P 
   25    17    10.0007     P 
   25    18     6.4849     P 
   25    19     6.3443     P 
   25    20     9.2262     P 
   25    21     3.3480     P 
   25    22     5.2724     P 
   25    23     3.4212     P 
   25    24     3.4755     P 
   25    25     5.9158     P 
   25    26     1.9743     p 
   25    27     8.4064     P 
   25    28     3.7461     P 
   25    29     5.8677     P 
   25    30     6.6782     P 
   25    31     7.1540     P 
   25    32     5.7337     P 
   25    33     6.3279     P 
   25    34     7.2325     P 
   25    35     4.8248     P 
   25    36     7.1495     P 
   25    37     8.3738     P 
   25    38     5.4122     P 
   25    39     6.4288     P 
   25    40     7.4678     P 
   25    41     7.5725     P 
   25    42     1.7462     p 
   25    43     5.3239     P 
   25    44     6.5734     P 
   25    45     3.4696     P 
   25    46     4.7546     P 
   25    47     7.3813     P 
   25    48     5.2041     P 
   25    49     8.6573     P 
   26     1     7.0154     P 
   26     2     2.7668     P 
   26     3     4.2995     P 
   26     4     7.5235     P 
   26     5     5.7962     P 
   26     6     3.5952     P 
   26     7     9.0830     P 
   26     8     2.8209     P 
   26     9     1.9326     p 
   26    10     4.7294     P 
   26    11     7.1663     P 
   26    12     3.9229     P 
   26    13     2.6436     p 
   26    14     6.4000     P 
   26    15     7.7892     P 
   26    16     7.9982     P 
   26    17     8.9331     P 
   26    18     5.6599     P 
   26    19     5.1746     P 
   26    20     8.1453     P 
   26    21     2.2336     p 
   26    22     4.0183     P 
   26    23     2.1185     p 
   26    24     3.3690     P 
   26    25     5.3277     P 
   26    26     1.1809     p 
   26    27     8.3538     P 
   26    28     4.5198     P 
   26    29     4.8641     P 
   26    30     5.6013     P 
   26    31     6.5946     P 
   26    32     6.3922     P 
   26    33     5.0059     P 
   26    34     5.9571     P 
   26    35     4.1414     P 
   26    36     6.3343     P 
   26    37     7.7212     P 
   26    38     5.4485     P 
   26    39     6.2745     P 
   26    40     6.2926     P 
   26    41     7.3212     P 
   26    42     3.1332     P 
   26    43     6.1184     P 
   26    44     6.6669     P 
   26    45     4.6557     P 
   26    46     4.3058     P 
   26    47     7.5379     P 
   26    48     6.1727     P 
   26    49     8.3832     P 
   27     1     8.6941     P 
   27     2     2.4745     P 
   27     3     7.4645     P 
   27     4     7.4608     P 
   27     5     8.9933     P 
   27     6     4.4853     P 
   27     7     6.8994     P 
   27     8     5.8081     P 
   27     9     4.8524     P 
   27    10     0.9932     p 
   27    11     9.4326     P 
   27    12     7.4892     P 
   27    13     6.3646     P 
   27    14     7.3485     P 
   27    15     8.4160     P 
   27    16     9.9399     P 
   27    17    10.5162     P 
   27    18     9.2409     P 
   27    19     6.7054     P 
   27    20     9.3590     P 
   27    21     4.1643     P 
   27    22     5.9487     P 
   27    23     5.8985     P 
   27    24     2.2154     P 
   27    25     4.3343     P 
   27    26     4.1956     P 
   27    27     5.7874     P 
   27    28     1.5843     p 
   27    29     5.3453     P 
   27    30     9.0146     P 
   27    31     5.6480     P 
   27    32     2.7157     P 
   27    33     7.6520     P 
   27    34     8.0509     P 
   27    35     7.8185     P 
   27    36     6.3735     P 
   27    37     6.8887     P 
   27    38     2.3903     P 
   27    39     3.9556     P 
   27    40     9.1208     P 
   27    41     5.3983     P 
   27    42     3.6210     P 
   27    43     3.0552     P 
   27    44     3.5575     P 
   27    45     3.2270     P 
   27    46     3.1382     P 
   27    47     4.5407     P 
   27    48     3.9937     P 
   27    49     6.6514     P 
   28     1     4.4095     P 
   28     2     7.7001     P 
   28     3     6.9549     P 
   28     4     0.8739     p 
   28     5     7.8946     P 
   28     6     4.6885     P 
   28     7     6.1436     P 
   28     8     6.3099     P 
   28     9     8.6217     P 
   28    10     7.0678     P 
   28    11     6.3616     P 
   28    12     8.0616     P 
   28    13     8.6972     P 
   28    14     2.6944     P 
   28    15     2.2297     P 
   28    16     6.0118     P 
   28    17     5.8385     P 
   28    18     9.8217     P 
   28    19     3.9673     P 
   28    20     4.1605     P 
   28    21     5.9892     P 
   28    22     5.0361     P 
   28    23     7.5583     P 
   28    24     6.3552     P 
   28    25     4.0300     P 
   28    26     7.3566     P 
   28    27     6.2111     P 
   28    28     8.2548     P 
   28    29     3.4363     P 
   28    30     8.9278     P 
   28    31     3.0127     P 
   28    32     8.1101     P 
   28    33     5.8135     P 
   28    34     5.0205     P 
   28    35     9.2381     P 
   28    36     1.8250     p 
   28    37     2.6095     P 
   28    38     6.1567     P 
   28    39     5.2153     P 
   28    40     7.0859     P 
   28    41     4.6201     P 
   28    42     8.7097     P 
   28    43     8.9992     P 
   28    44     7.3518     P 
   28    45     9.2065     P 
   28    46     5.2031     P 
   28    47     6.6114     P 
   28    48     9.9409     P 
   28    49     4.4937     P 
   29     1     3.2815     p 
   29     2     6.3946     P 
   29     3     5.3482     P 
   29     4     2.6682     p 
   29     5     6.3340     P 
   29     6     3.4776     p 
   29     7     6.5751     P 
   29     8     4.7950     P 
   29     9     7.1913     P 
   29    10     6.3521     P 
   29    11     5.0696     P 
   29    12     6.4472     P 
   29    13     7.1672     P 
   29    14     2.0114     p 
   29    15     2.5214     p 
   29    16     4.8437     P 
   29    17     4.9962     P 
   29    18     7.9882     P 
   29    19     2.5496     p 
   29    20     3.5374     p 
   29    21     4.6704     P 
   29    22     3.6050     p 
   29    23     5.9039     P 
   29    24     5.3719     P 
   29    25     3.6382     p 
   29    26     5.9941     P 
   29    27     6.4914     P 
   29    28     7.2678     P 
   29    29     2.6089     p 
   29    30     7.1011     P 
   29    31     3.4326     p 
   29    32     7.4294     P 
   29    33     4.3371     p 
   29    34     3.5529     p 
   29    35     7.4988     P 
   29    36     2.0922     p 
   29    37     3.6478     p 
   29    38     5.6907     P 
   29    39     5.1417     P 
   29    40     5.5063     P 
   29    41     4.8888     P 
   29    42     7.5355     P 
   29    43     8.1798     P 
   29    44     6.9254     P 
   29    45     8.1247     P 
   29    46     4.4701     p 
   29    47     6.6057     P 
   29    48     9.0577     P 
   29    49     5.1259     P 
   30     1     6.6432     P 
   30     2     4.6189     P 
   30     3     6.8054     P 
   30     4     4.5426     P 
   30     5     8.3032     P 
   30     6     3.1744     P 
   30     7     5.0350     P 
   30     8     5.3844     P 
   30     9     6.3080     P 
   30    10     3.5921     P 
   30    11     7.9247     P 
   30    12     7.4834     P 
   30    13     7.0880     P 
   30    14     5.1014     P 
   30    15     5.7287     P 
   30    16     8.1618     P 
   30    17     8.5129     P 
   30    18     9.3327     P 
   30    19     4.7583     P 
   30    20     7.1105     P 
   30    21     4.0810     P 
   30    22     4.8352     P 
   30    23     6.1337     P 
   30    24     3.2594     P 
   30    25     1.3318     p 
   30    26     5.2271     P 
   30    27     4.1233     P 
   30    28     4.7831     P 
   30    29     3.0187     P 
   30    30     8.7167     P 
   30    31     2.4245     P 
   30    32     4.6132     P 
   30    33     6.5272     P 
   30    34     6.4456     P 
   30    35     8.1797     P 
   30    36     3.5465     P 
   30    37     3.8564     P 
   30    38     2.2780     p 
   30    39     1.9006     p 
   30    40     8.0353     P 
   30    41     2.6890     P 
   30    42     5.9426     P 
   30    43     5.6526     P 
   30    44     3.8973     P 
   30    45     6.0758     P 
   30    46     1.8320     p 
   30    47     3.7823     P 
   30    48     6.6329     P 
   30    49     4.0582     P 
   31     1     4.3261     p 
   31     2     4.9220     p 
   31     3     2.6745     p 
   31     4     5.6549     P 
   31     5     3.9144     p 
   31     6     3.0155     p 
   31     7     8.5443     P 
   31     8     2.1616     p 
   31     9     4.6244     p 
   31    10     5.8800     P 
   31    11     4.4668     p 
   31    12     3.3060     p 
   31    13     4.0694     p 
   31    14     4.0973     p 
   31    15     5.3216     P 
   31    16     5.2051     P 
   31    17     6.1844     P 
   31    18     5.1527     P 
   31    19     2.9534     p 
   31    20     5.3684     P 
   31    21     2.9707     p 
   31    22     2.1859     p 
   31    23     3.0178     p 
   31    24     4.4924     p 
   31    25     4.8481     p 
   31    26     3.6100     p 
   31    27     7.8738     P 
   31    28     6.1865     P 
   31    29     3.5286     p 
   31    30     4.4343     p 
   31    31     5.4521     P 
   31    32     7.3835     P 
   31    33     2.6126     p 
   31    34     3.3151     p 
   31    35     4.3867     p 
   31    36     4.6048     p 
   31    37     6.2813     P 
   31    38     5.9231     P 
   31    39     6.2068     P 
   31    40     3.9699     p 
   31    41     6.7923     P 
   31    42     5.5549     P 
   31    43     7.6715     P 
   31    44     7.3634     P 
   31    45     6.7236     P 
   31    46     4.3366     p 
   31    47     7.4989     P 
   31    48     8.0126     P 
   31    49     7.3527     P 
   32     1     4.7843     p 
   32     2     6.8119     P 
   32     3     6.6788     P 
   32     4     2.0925     p 
   32     5     7.6942     P 
   32     6     4.2019     p 
   32     7     5.2229     P 
   32     8     6.0111     P 
   32     9     7.8884     P 
   32    10     6.1790     P 
   32    11     6.4353     P 
   32    12     7.6144     P 
   32    13     8.0324     P 
   32    14     3.2932     p 
   32    15     3.1752     p 
   32    16     6.2326     P 
   32    17     6.2196     P 
   32    18     9.4723     P 
   32    19     3.8420     p 
   32    20     4.6534     p 
   32    21     5.4620     P 
   32    22     4.7723     p 
   32    23     7.0191     P 
   32    24     5.4838     P 
   32    25     3.2857     p 
   32    26     6.6348     P 
   32    27     5.1701     P 
   32    28     7.2213     P 
   32    29     3.2651     p 
   32    30     8.5519     P 
   32    31     2.5615     p 
   32    32     7.0554     P 
   32    33     5.9083     P 
   32    34     5.1596     P 
   32    35     8.5734     P 
   32    36     2.2573     p 
   32    37     2.3949     p 
   32    38     5.2255     P 
   32    39     4.2626     p 
   32    40     7.0862     P 
   32    41     3.7824     p 
   32    42     7.9016     P 
   32    43     7.8430     P 
   32    44     6.1530     P 
   32    45     8.2795     P 
   32    46     4.4536     p 
   32    47     5.5661     P 
   32    48     8.8746     P 
   32    49     3.6587     p 
   33     1    10.0190     P 
   33     2     3.9495     P 
   33     3     8.8007     P 
   33     4     8.5012     P 
   33     5    10.2315     P 
   33     6     6.0108     P 
   33     7     7.0352     P 
   33     8     7.1847     P 
   33     9     5.9129     P 
   33    10     2.2295     p 
   33    11    10.7581     P 
   33    12     8.7619     P 
   33    13     7.4634     P 
   33    14     8.6071     P 
   33    15     9.4248     P 
   33    16    11.2248     P 
   33    17    11.6970     P 
   33    18    10.3556     P 
   33    19     7.9932     P 
   33    20    10.7238     P 
   33    21     5.6268     P 
   33    22     7.5038     P 
   33    23     7.1042     P 
   33    24     3.9738     P 
   33    25     5.5106     P 
   33    26     5.6408     P 
   33    27     5.6382     P 
   33    28     2.1136     p 
   33    29     6.6939     P 
   33    30    10.1761     P 
   33    31     6.5618     P 
   33    32     1.5523     p 
   33    33     9.0308     P 
   33    34     9.4283     P 
   33    35     8.9083     P 
   33    36     7.5706     P 
   33    37     7.6786     P 
   33    38     3.3344     P 
   33    39     4.6542     P 
   33    40    10.4295     P 
   33    41     5.9058     P 
   33    42     4.4632     P 
   33    43     1.1756     p 
   33    44     2.9692     P 
   33    45     3.1237     P 
   33    46     4.6064     P 
   33    47     4.3665     P 
   33    48     2.6684     P 
   33    49     7.0717     P 
   34     1     4.3210     P 
   34     2     6.0214     P 
   34     3     5.0740     P 
   34     4     4.2809     P 
   34     5     6.4430     P 
   34     6     2.1455     P 
   34     7     7.9320     P 
   34     8     3.9941     P 
   34     9     6.7645     P 
   34    10     6.3262     P 
   34    11     5.7453     P 
   34    12     6.1243     P 
   34    13     6.7698     P 
   34    14     2.6969     P 
   34    15     4.3017     P 
   34    16     6.0624     P 
   34    17     6.5012     P 
   34    18     8.1819     P 
   34    19     1.4471     P 
   34    20     5.2947     P 
   34    21     3.8019     P 
   34    22     2.2941     P 
   34    23     5.4149     P 
   34    24     4.9765     P 
   34    25     3.6558     P 
   34    26     5.4337     P 
   34    27     7.3991     P 
   34    28     7.0692     P 
   34    29     1.1838     P 
   34    30     7.2731     P 
   34    31     4.1782     P 
   34    32     7.7971     P 
   34    33     4.2358     P 
   34    34     3.8116     P 
   34    35     7.2662     P 
   34    36     2.4269     P 
   34    37     5.2627     P 
   34    38     5.7977     P 
   34    39     5.6789     P 
   34    40     5.9527     P 
   34    41     5.9696     P 
   34    42     7.1640     P 
   34    43     8.3999     P 
   34    44     7.4041     P 
   34    45     8.1099     P 
   34    46     3.9729     P 
   34    47     7.3881     P 
   34    48     9.1760     P 
   34    49     6.4171     P 
   35     1     8.5609     P 
   35     2     1.5519     p 
   35     3     6.9430     P 
   35     4     7.7233     P 
   35     5     8.5541     P 
   35     6     4.4485     P 
   35     7     7.7160     P 
   35     8     5.4900     P 
   35     9     4.1112     P 
   35    10     1.9458     p 
   35    11     9.1920     P 
   35    12     6.8976     P 
   35    13     5.6364     P 
   35    14     7.3883     P 
   35    15     8.5095     P 
   35    16     9.7536     P 
   35    17    10.5224     P 
   35    18     8.5662     P 
   35    19     6.5984     P 
   35    20     9.5052     P 
   35    21     3.7372     P 
   35    22     5.8449     P 
   35    23     5.2142     P 
   35    24     1.9278     p 
   35    25     4.7742     P 
   35    26     3.5183     P 
   35    27     6.5423     P 
   35    28     1.5051     p 
   35    29     5.3660     P 
   35    30     8.5346     P 
   35    31     6.0811     P 
   35    32     3.6907     P 
   35    33     7.3525     P 
   35    34     7.8060     P 
   35    35     7.1886     P 
   35    36     6.5413     P 
   35    37     7.3248     P 
   35    38     3.3576     P 
   35    39     4.7587     P 
   35    40     8.8381     P 
   35    41     6.0292     P 
   35    42     2.8468     P 
   35    43     3.4601     P 
   35    44     4.4680     P 
   35    45     2.7616     P 
   35    46     3.3412     P 
   35    47     5.4886     P 
   35    48     4.0394     P 
   35    49     7.3765     P 
   36     1     3.4504     P 
   36     2     6.1992     P 
   36     3     5.3644     P 
   36     4     2.4919     p 
   36     5     6.3904     P 
   36     6     3.1578     P 
   36     7     6.4688     P 
   36     8     4.5781     P 
   36     9     6.9506     P 
   36    10     6.1310     P 
   36    11     5.2187     P 
   36    12     6.3687     P 
   36    13     7.0709     P 
   36    14     1.9165     p 
   36    15     2.6353     p 
   36    16     5.0694     P 
   36    17     5.4312     P 
   36    18     8.2237     P 
   36    19     2.2116     p 
   36    20     3.9085     P 
   36    21     4.4208     P 
   36    22     3.3229     P 
   36    23     5.8612     P 
   36    24     5.1037     P 
   36    25     3.3042     P 
   36    26     5.7315     P 
   36    27     6.3780     P 
   36    28     7.0581     P 
   36    29     2.0301     p 
   36    30     7.2646     P 
   36    31     3.1581     P 
   36    32     7.4211     P 
   36    33     4.4362     P 
   36    34     3.6814     P 
   36    35     7.4692     P 
   36    36     1.6139     p 
   36    37     3.5913     P 
   36    38     5.4585     P 
   36    39     4.9001     P 
   36    40     5.6350     P 
   36    41     4.7786     P 
   36    42     7.3367     P 
   36    43     8.1358     P 
   36    44     6.8104     P 
   36    45     8.0189     P 
   36    46     4.1319     P 
   36    47     6.4970     P 
   36    48     8.9453     P 
   36    49     5.0972     P 
   37     1     5.1870     P 
   37     2     4.8449     P 
   37     3     4.5056     P 
   37     4     5.1583     P 
   37     5     6.1085     P 
   37     6     0.8437     p 
   37     7     7.9266     P 
   37     8     2.8861     P 
   37     9     5.5159     P 
   37    10     5.5993     P 
   37    11     5.9924     P 
   37    12     5.3659     P 
   37    13     5.6218     P 
   37    14     3.9329     P 
   37    15     5.3657     P 
   37    16     6.5044     P 
   37    17     7.2365     P 
   37    18     7.4558     P 
   37    19     2.3504     P 
   37    20     6.0348     P 
   37    21     2.3626     P 
   37    22     1.7103     P 
   37    23     4.3239     P 
   37    24     3.7921     P 
   37    25     3.4931     P 
   37    26     4.0867     P 
   37    27     7.2921     P 
   37    28     6.1742     P 
   37    29     1.8192     P 
   37    30     6.6153     P 
   37    31     4.5690     P 
   37    32     7.0589     P 
   37    33     4.1001     P 
   37    34     4.2924     P 
   37    35     6.4244     P 
   37    36     3.7290     P 
   37    37     5.7246     P 
   37    38     5.2550     P 
   37    39     5.3187     P 
   37    40     5.8645     P 
   37    41     5.8040     P 
   37    42     6.0464     P 
   37    43     7.5656     P 
   37    44     6.8553     P 
   37    45     6.9049     P 
   37    46     3.2228     P 
   37    47     6.8967     P 
   37    48     8.2860     P 
   37    49     6.7136     P 
   38     1     5.1846     P 
   38     2     7.0565     P 
   38     3     7.2439     P 
   38     4     2.0040     p 
   38     5     8.2318     P 
   38     6     4.4986     P 
   38     7     4.8477     P 
   38     8     6.3584     P 
   38     9     8.2855     P 
   38    10     6.3460     P 
   38    11     7.0579     P 
   38    12     8.1348     P 
   38    13     8.5999     P 
   38    14     3.6063     p 
   38    15     3.4266     p 
   38    16     6.6583     P 
   38    17     6.5580     P 
   38    18     9.9843     P 
   38    19     4.3520     P 
   38    20     5.0331     P 
   38    21     5.8483     P 
   38    22     5.3684     P 
   38    23     7.4860     P 
   38    24     5.7907     P 
   38    25     3.3573     p 
   38    26     7.1170     P 
   38    27     4.8557     P 
   38    28     7.4205     P 
   38    29     3.4541     p 
   38    30     9.0812     P 
   38    31     2.2364     p 
   38    32     7.0421     P 
   38    33     6.4027     P 
   38    34     5.6415     P 
   38    35     9.2272     P 
   38    36     2.3732     p 
   38    37     1.8349     p 
   38    38     5.1895     P 
   38    39     4.1692     P 
   38    40     7.6733     P 
   38    41     3.4258     p 
   38    42     8.2599     P 
   38    43     8.0222     P 
   38    44     6.1768     P 
   38    45     8.5684     P 
   38    46     4.5895     P 
   38    47     5.3799     P 
   38    48     9.0777     P 
   38    49     3.1993     p 
   39     1     3.5446     P 
   39     2     7.3248     P 
   39     3     2.4717     P 
   39     4     6.5229     P 
   39     5     2.5572     P 
   39     6     4.9575     P 
   39     7    10.2815     P 
   39     8     3.7986     P 
   39     9     6.7048     P 
   39    10     8.4119     P 
   39    11     2.1570     p 
   39    12     3.9239     P 
   39    13     5.7730     P 
   39    14     4.4254     P 
   39    15     5.5216     P 
   39    16     3.5175     P 
   39    17     4.7621     P 
   39    18     5.0239     P 
   39    19     3.6012     P 
   39    20     4.8662     P 
   39    21     5.2949     P 
   39    22     3.3716     P 
   39    23     4.5765     P 
   39    24     6.8021     P 
   39    25     6.7866     P 
   39    26     5.9372     P 
   39    27    10.0847     P 
   39    28     8.7489     P 
   39    29     5.1775     P 
   39    30     3.7758     P 
   39    31     7.1929     P 
   39    32     9.8775     P 
   39    33     1.4989     p 
   39    34     2.1560     p 
   39    35     5.1805     P 
   39    36     5.8311     P 
   39    37     7.7518     P 
   39    38     8.2486     P 
   39    39     8.3383     P 
   39    40     1.4984     p 
   39    41     8.6204     P 
   39    42     7.9061     P 
   39    43    10.1500     P 
   39    44     9.7463     P 
   39    45     9.1220     P 
   39    46     6.6363     P 
   39    47     9.8527     P 
   39    48    10.5231     P 
   39    49     9.0727     P 
   40     1     8.3322     P 
   40     2     1.9574     p 
   40     3     6.1748     P 
   40     4     7.9820     P 
   40     5     7.5317     P 
   40     6     4.5050     P 
   40     7     8.2508     P 
   40     8     4.7919     P 
   40     9     2.9811     p 
   40    10     3.3905     p 
   40    11     8.5911     P 
   40    12     5.9772     P 
   40    13     4.3876     p 
   40    14     7.4187     P 
   40    15     8.4258     P 
   40    16     9.4262     P 
   40    17    10.1217     P 
   40    18     7.3585     P 
   40    19     6.4066     P 
   40    20     9.2277     P 
   40    21     3.5464     p 
   40    22     5.5812     P 
   40    23     4.4028     p 
   40    24     2.9069     p 
   40    25     5.3301     P 
   40    26     2.9309     p 
   40    27     7.2195     P 
   40    28     2.5632     p 
   40    29     5.5655     P 
   40    30     7.3747     P 
   40    31     6.5728     P 
   40    32     4.4810     p 
   40    33     6.7549     P 
   40    34     7.4549     P 
   40    35     5.8836     P 
   40    36     6.7906     P 
   40    37     7.7011     P 
   40    38     4.3584     p 
   40    39     5.5355     P 
   40    40     8.0551     P 
   40    41     6.8191     P 
   40    42     2.0322     p 
   40    43     3.9376     p 
   40    44     5.2751     P 
   40    45     2.5830     p 
   40    46     4.1183     p 
   40    47     6.2910     P 
   40    48     3.9373     p 
   40    49     7.8844     P 
   41     1     7.1770     P 
   41     2     2.5876     P 
   41     3     5.0133     P 
   41     4     7.3268     P 
   41     5     6.6299     P 
   41     6     2.7044     P 
   41     7     8.9175     P 
   41     8     2.9267     P 
   41     9     3.2811     P 
   41    10     4.6247     P 
   41    11     7.5532     P 
   41    12     5.1518     P 
   41    13     4.2331     P 
   41    14     6.3643     P 
   41    15     7.5035     P 
   41    16     8.2200     P 
   41    17     9.0850     P 
   41    18     7.0305     P 
   41    19     5.0093     P 
   41    20     8.1905     P 
   41    21     0.8727     p 
   41    22     3.7816     P 
   41    23     2.9840     P 
   41    24     2.3411     P 
   41    25     4.9089     P 
   41    26     1.2895     P 
   41    27     7.9513     P 
   41    28     4.7436     P 
   41    29     4.4797     P 
   41    30     6.7105     P 
   41    31     6.2438     P 
   41    32     6.3702     P 
   41    33     5.4392     P 
   41    34     6.1802     P 
   41    35     5.5673     P 
   41    36     5.8271     P 
   41    37     7.3049     P 
   41    38     5.2158     P 
   41    39     5.9319     P 
   41    40     6.9962     P 
   41    41     6.9912     P 
   41    42     3.9370     P 
   41    43     6.4169     P 
   41    44     6.6102     P 
   41    45     5.2701     P 
   41    46     3.5429     P 
   41    47     7.2381     P 
   41    48     6.8191     P 
   41    49     7.9709     P 
   42     1     6.5461     P 
   42     2     6.9383     P 
   42     3     8.0228     P 
   42     4     3.2542     P 
   42     5     9.2121     P 
   42     6     4.9848     P 
   42     7     3.3896     P 
   42     8     6.9347     P 
   42     9     8.3830     P 
   42    10     5.6284     P 
   42    11     8.3113     P 
   42    12     8.8890     P 
   42    13     8.9364     P 
   42    14     5.0176     P 
   42    15     4.9027     P 
   42    16     8.0594     P 
   42    17     8.0951     P 
   42    18    10.7088     P 
   42    19     5.3722     P 
   42    20     6.5006     P 
   42    21     6.0035     P 
   42    22     6.0667     P 
   42    23     7.9769     P 
   42    24     5.6996     P 
   42    25     3.0263     p 
   42    26     7.2659     P 
   42    27     3.5130     P 
   42    28     6.8673     P 
   42    29     4.0254     P 
   42    30     9.9407     P 
   42    31     2.0710     p 
   42    32     6.2463     P 
   42    33     7.3582     P 
   42    34     6.8560     P 
   42    35     9.6775     P 
   42    36     3.4023     P 
   42    37     1.7245     p 
   42    38     4.4495     P 
   42    39     3.1834     p 
   42    40     8.6503     P 
   42    41     2.1212     p 
   42    42     8.0989     P 
   42    43     7.2874     P 
   42    44     5.1432     P 
   42    45     8.1058     P 
   42    46     4.3346     P 
   42    47     4.0617     P 
   42    48     8.3295     P 
   42    49     1.9274     p 
   43     1     3.8345     p 
   43     2     6.0799     P 
   43     3     5.4246     P 
   43     4     2.5798     p 
   43     5     6.6105     P 
   43     6     3.2490     p 
   43     7     6.2032     P 
   43     8     4.7076     p 
   43     9     6.8073     P 
   43    10     5.8475     P 
   43    11     5.3692     P 
   43    12     6.5296     P 
   43    13     6.9957     P 
   43    14     2.4194     p 
   43    15     2.9280     p 
   43    16     5.2381     P 
   43    17     5.5235     P 
   43    18     8.2143     P 
   43    19     2.7270     p 
   43    20     4.1319     p 
   43    21     4.5775     p 
   43    22     3.6064     p 
   43    23     5.7949     P 
   43    24     5.0508     P 
   43    25     3.1956     p 
   43    26     5.5848     P 
   43    27     6.0140     P 
   43    28     6.7504     P 
   43    29     2.3688     p 
   43    30     7.3402     P 
   43    31     3.0934     p 
   43    32     7.0584     P 
   43    33     4.5198     p 
   43    34     4.0077     p 
   43    35     7.6188     P 
   43    36     2.0361     p 
   43    37     3.3815     p 
   43    38     5.1931     P 
   43    39     4.6295     p 
   43    40     5.8879     P 
   43    41     4.5446     p 
   43    42     7.2664     P 
   43    43     7.6870     P 
   43    44     6.4136     P 
   43    45     7.7638     P 
   43    46     3.8888     p 
   43    47     6.0400     P 
   43    48     8.5838     P 
   43    49     4.7068     p 
   44     1     2.8248     P 
   44     2     6.1467     P 
   44     3     3.0499     P 
   44     4     4.7039     P 
   44     5     3.9076     P 
   44     6     3.2584     P 
   44     7     8.6353     P 
   44     8     3.0547     P 
   44     9     6.1874     P 
   44    10     6.7626     P 
   44    11     3.4299     P 
   44    12     4.2524     P 
   44    13     5.5918     P 
   44    14     2.8590     p 
   44    15     4.1147     P 
   44    16     3.9555     P 
   44    17     4.9182     P 
   44    18     6.1373     P 
   44    19     1.8220     p 
   44    20     4.0425     P 
   44    21     3.9859     P 
   44    22     1.9150     p 
   44    23     4.2377     P 
   44    24     5.3467     P 
   44    25     5.0287     P 
   44    26     4.9314     P 
   44    27     8.1987     P 
   44    28     7.3795     P 
   44    29     3.3757     P 
   44    30     5.0358     P 
   44    31     5.2868     P 
   44    32     8.2443     P 
   44    33     2.0132     p 
   44    34     1.8068     p 
   44    35     5.4897     P 
   44    36     3.7895     P 
   44    37     5.8734     P 
   44    38     6.5016     P 
   44    39     6.4826     P 
   44    40     3.3132     P 
   44    41     6.7695     P 
   44    42     6.9877     P 
   44    43     8.6339     P 
   44    44     8.0900     P 
   44    45     8.0401     P 
   44    46     4.9384     P 
   44    47     8.0631     P 
   44    48     9.1395     P 
   44    49     7.2668     P 
   45     1     5.7475     P 
   45     2     6.6546     P 
   45     3     7.4638     P 
   45     4     2.4108     P 
   45     5     8.6794     P 
   45     6     4.3023     P 
   45     7     4.7083     P 
   45     8     6.2767     P 
   45     9     8.1083     P 
   45    10     5.8161     P 
   45    11     7.5891     P 
   45    12     8.2301     P 
   45    13     8.4769     P 
   45    14     4.0442     P 
   45    15     4.1249     P 
   45    16     7.3483     P 
   45    17     7.3526     P 
   45    18    10.1348     P 
   45    19     4.5130     P 
   45    20     5.7736     P 
   45    21     5.5862     P 
   45    22     5.3783     P 
   45    23     7.4307     P 
   45    24     5.3803     P 
   45    25     2.6012     P 
   45    26     6.8564     P 
   45    27     4.6369     P 
   45    28     7.0095     P 
   45    29     3.2188     P 
   45    30     9.2968     P 
   45    31     1.0275     p 
   45    32     6.5822     P 
   45    33     6.6091     P 
   45    34     5.9486     P 
   45    35     9.2717     P 
   45    36     2.2574     p 
   45    37     1.5637     p 
   45    38     4.6854     P 
   45    39     3.5497     P 
   45    40     8.1391     P 
   45    41     2.7420     P 
   45    42     8.0192     P 
   45    43     7.6200     P 
   45    44     5.6489     P 
   45    45     8.1506     P 
   45    46     4.0659     P 
   45    47     5.0106     P 
   45    48     8.8041     P 
   45    49     2.9915     P 
   46     1     2.6299     p 
   46     2     8.0805     P 
   46     3     4.1038     p 
   46     4     5.8471     P 
   46     5     3.8590     p 
   46     6     5.6108     P 
   46     7     9.9619     P 
   46     8     4.9572     P 
   46     9     7.7431     P 
   46    10     8.7666     P 
   46    11     1.9868     p 
   46    12     5.2567     P 
   46    13     6.9841     P 
   46    14     3.9580     p 
   46    15     4.5789     p 
   46    16     2.1729     p 
   46    17     3.1200     p 
   46    18     6.2122     P 
   46    19     3.7975     p 
   46    20     3.6058     p 
   46    21     6.1134     P 
   46    22     4.2709     p 
   46    23     5.9592     P 
   46    24     7.4578     P 
   46    25     6.8619     P 
   46    26     6.8926     P 
   46    27     9.7182     P 
   46    28     9.2782     P 
   46    29     5.3615     P 
   46    30     5.1088     P 
   46    31     6.9515     P 
   46    32    10.1334     P 
   46    33     3.0945     p 
   46    34     2.4873     p 
   46    35     6.4311     P 
   46    36     5.4616     P 
   46    37     7.1892     P 
   46    38     8.4777     P 
   46    39     8.3300     P 
   46    40     2.6808     p 
   46    41     8.3558     P 
   46    42     8.7179     P 
   46    43    10.5015     P 
   46    44     9.8871     P 
   46    45     9.8704     P 
   46    46     6.9842     P 
   46    47     9.6761     P 
   46    48    10.9911     P 
   46    49     8.6035     P 
   47     1     7.1622     P 
   47     2     3.7934     P 
   47     3     3.9389     P 
   47     4     8.0908     P 
   47     5     5.4854     P 
   47     6     4.2033     P 
   47     7     9.9997     P 
   47     8     2.5004     P 
   47     9     2.0989     p 
   47    10     5.9096     P 
   47    11     7.0616     P 
   47    12     3.2916     P 
   47    13     1.9479     p 
   47    14     6.8252     P 
   47    15     8.0735     P 
   47    16     8.0211     P 
   47    17     9.0388     P 
   47    18     5.3847     P 
   47    19     5.5867     P 
   47    20     8.4598     P 
   47    21     2.8661     P 
   47    22     4.0856     P 
   47    23     1.1823     p 
   47    24     4.2924     P 
   47    25     6.2863     P 
   47    26     1.5318     p 
   47    27     9.2720     P 
   47    28     5.6284     P 
   47    29     5.5399     P 
   47    30     5.2889     P 
   47    31     7.2651     P 
   47    32     7.3877     P 
   47    33     5.0236     P 
   47    34     6.0940     P 
   47    35     3.6694     P 
   47    36     6.9503     P 
   47    37     8.6441     P 
   47    38     6.4316     P 
   47    39     7.3594     P 
   47    40     6.2145     P 
   47    41     8.1413     P 
   47    42     3.9210     P 
   47    43     7.1481     P 
   47    44     7.8790     P 
   47    45     5.6577     P 
   47    46     5.1538     P 
   47    47     8.5079     P 
   47    48     7.3636     P 
   47    49     9.1768     P 
   48     1     8.0709     P 
   48     2     0.9224     p 
   48     3     5.9550     P 
   48     4     7.4947     P 
   48     5     7.5885     P 
   48     6     3.9176     P 
   48     7     8.1787     P 
   48     8     4.4007     P 
   48     9     2.7609     P 
   48    10     3.0303     P 
   48    11     8.3549     P 
   48    12     5.7624     P 
   48    13     4.4588     P 
   48    14     7.0417     P 
   48    15     8.2661     P 
   48    16     9.0938     P 
   48    17     9.9154     P 
   48    18     7.6130     P 
   48    19     6.0301     P 
   48    20     8.9207     P 
   48    21     2.7879     P 
   48    22     4.9894     P 
   48    23     4.1468     P 
   48    24     1.9328     p 
   48    25     4.8938     P 
   48    26     2.3017     p 
   48    27     7.1474     P 
   48    28     2.5132     P 
   48    29     5.0775     P 
   48    30     7.3807     P 
   48    31     6.3111     P 
   48    32     4.5933     P 
   48    33     6.4079     P 
   48    34     7.1939     P 
   48    35     5.9360     P 
   48    36     6.3621     P 
   48    37     7.4969     P 
   48    38     4.1020     P 
   48    39     5.2995     P 
   48    40     7.8750     P 
   48    41     6.4360     P 
   48    42     2.1377     p 
   48    43     4.3466     P 
   48    44     5.2076     P 
   48    45     3.1065     P 
   48    46     3.5173     P 
   48    47     6.1628     P 
   48    48     4.6151     P 
   48    49     7.5475     P 
   49     1     7.0031     P 
   49     2     2.5581     p 
   49     3     4.2836     P 
   49     4     7.4553     P 
   49     5     5.9116     P 
   49     6     3.4696     P 
   49     7     9.0340     P 
   49     8     2.9109     P 
   49     9     1.9238     p 
   49    10     4.7059     P 
   49    11     7.2028     P 
   49    12     4.0892     P 
   49    13     2.7383     P 
   49    14     6.3753     P 
   49    15     7.6425     P 
   49    16     7.8509     P 
   49    17     8.9588     P 
   49    18     5.9188     P 
   49    19     5.1498     P 
   49    20     8.1653     P 
   49    21     2.2123     p 
   49    22     3.9825     P 
   49    23     2.3995     p 
   49    24     3.1146     P 
   49    25     5.3191     P 
   49    26     1.1951     p 
   49    27     8.0780     P 
   49    28     4.2850     P 
   49    29     4.7708     P 
   49    30     5.7050     P 
   49    31     6.4542     P 
   49    32     6.2265     P 
   49    33     4.9436     P 
   49    34     6.0625     P 
   49    35     4.2188     P 
   49    36     6.2055     P 
   49    37     7.6707     P 
   49    38     5.1627     P 
   49    39     6.1903     P 
   49    40     6.4665     P 
   49    41     7.1394     P 
   49    42     3.0116     P 
   49    43     5.8692     P 
   49    44     6.6983     P 
   49    45     4.4859     P 
   49    46     4.1325     P 
   49    47     7.2750     P 
   49    48     6.1188     P 
   49    49     8.2202     P 
   50     1     4.4750     P 
   50     2     7.7263     P 
   50     3     2.1664     P 
   50     4     7.4769     P 
   50     5     1.7559     p 
   50     6     5.6278     P 
   50     7    11.1357     P 
   50     8     4.0601     P 
   50     9     6.9736     P 
   50    10     8.9437     P 
   50    11     2.7344     P 
   50    12     3.6709     P 
   50    13     5.8721     P 
   50    14     5.3398     P 
   50    15     6.3812     P 
   50    16     4.3967     P 
   50    17     5.5947     P 
   50    18     5.0567     P 
   50    19     4.4557     P 
   50    20     5.7300     P 
   50    21     5.7943     P 
   50    22     3.9196     P 
   50    23     4.8788     P 
   50    24     7.3025     P 
   50    25     7.5312     P 
   50    26     6.3366     P 
   50    27    10.8142     P 
   50    28     9.3090     P 
   50    29     5.9330     P 
   50    30     3.6039     P 
   50    31     8.0381     P 
   50    32    10.4906     P 
   50    33     1.7068     p 
   50    34     2.8552     P 
   50    35     5.2017     P 
   50    36     6.6533     P 
   50    37     8.6307     P 
   50    38     8.9011     P 
   50    39     9.0146     P 
   50    40     1.1231     p 
   50    41     9.3707     P 
   50    42     8.2980     P 
   50    43    10.5756     P 
   50    44    10.4786     P 
   50    45     9.6765     P 
   50    46     7.3087     P 
   50    47    10.5061     P 
   50    48    10.9784     P 
   50    49     9.9168     P 
